1	2
2	3
2	4
2	5
2	7
3	4
3	5
3	6
3	8
4	5
4	9
5	9
6	7
6	8
6	10
7	8
7	9
7	11
8	9
8	13
10	13
11	13
11	16
12	13
12	15
12	16
13	14
13	16
14	17
15	17
15	19
16	19
18	19
18	23
19	20
19	24
20	21
20	22
20	23
22	24
22	25
22	26
23	24
23	25
23	28
24	29
25	27
25	28
25	29
25	30
26	27
26	31
27	29
28	29
28	30
28	31
28	33
29	33
30	35
31	34
31	36
33	35
34	35
34	36
35	36
35	39
36	38
36	39
36	40
37	39
37	41
37	42
38	40
38	41
38	43
39	43
39	44
40	41
40	42
40	43
40	44
41	45
42	43
43	44
43	45
43	46
43	47
44	46
44	47
44	48
45	46
45	47
45	49
45	50
46	47
46	48
46	49
46	51
48	52
48	53
49	50
49	51
50	52
51	52
51	53
52	53
52	55
52	57
53	54
53	57
54	55
54	59
55	57
55	59
56	61
57	59
57	60
58	59
59	61
59	64
60	62
60	64
60	65
61	62
61	63
61	66
62	64
62	65
63	64
63	65
63	66
63	67
64	65
65	68
65	69
65	70
66	68
66	69
66	71
67	71
69	71
69	72
70	71
70	72
70	74
70	75
71	72
71	73
71	75
71	76
72	73
72	76
73	75
73	77
74	76
74	77
74	78
76	81
77	78
77	81
78	80
78	81
78	82
79	81
79	82
80	82
80	84
81	82
81	83
81	84
81	86
82	83
83	84
83	88
84	86
84	87
85	88
85	90
86	90
86	91
87	88
87	89
88	91
88	93
89	90
89	91
89	94
90	95
91	94
91	95
93	96
93	98
94	95
94	97
94	98
95	99
95	100
96	97
96	98
96	99
96	101
97	98
97	99
98	101
98	103
99	100
99	101
99	102
99	103
100	104
101	104
103	104
103	106
103	108
104	107
105	108
105	109
106	110
107	110
107	111
108	109
108	112
108	113
109	110
109	111
109	113
110	112
111	116
112	114
112	115
113	115
113	116
114	116
114	119
115	116
115	119
116	117
116	121
117	118
117	119
117	122
119	124
120	122
120	123
120	125
121	125
122	126
123	126
124	125
124	126
124	129
125	126
125	129
126	130
126	131
127	130
127	131
127	132
128	130
128	131
129	131
129	133
129	134
130	134
131	134
132	133
132	134
132	137
133	135
134	136
134	138
136	139
136	140
137	138
137	141
138	139
138	140
138	141
138	143
139	141
139	142
140	143
140	145
141	145
142	145
142	146
143	145
143	147
144	145
144	148
145	147
145	148
146	147
146	149
146	150
147	148
147	152
148	150
148	152
149	150
149	151
149	152
150	151
150	152
150	153
150	154
151	152
151	154
151	155
152	153
152	157
153	158
154	156
154	157
155	158
155	159
156	157
156	158
156	160
157	159
158	160
158	161
159	164
160	161
160	162
160	165
162	167
163	164
163	167
164	168
165	166
165	168
165	169
165	170
166	168
167	172
168	169
168	173
169	172
169	173
170	174
171	173
171	174
171	175
172	177
173	175
173	177
174	176
175	180
176	179
176	181
177	179
177	182
178	180
178	181
178	183
179	181
180	183
180	184
181	182
182	185
182	187
183	185
183	188
185	190
186	187
186	189
186	190
186	191
187	188
187	191
188	189
188	191
188	192
189	190
189	193
190	192
190	194
191	192
191	194
191	196
193	195
193	196
194	196
194	199
195	196
195	197
195	199
196	197
196	198
196	199
197	198
197	200
197	202
198	200
198	201
198	202
198	203
199	200
199	201
199	203
199	204
200	201
200	202
200	204
200	205
201	203
201	205
202	203
202	207
203	205
203	207
203	208
204	205
204	206
204	209
205	207
205	209
205	210
206	210
207	208
207	209
208	209
208	213
209	213
209	214
210	211
210	212
210	214
211	212
211	213
211	214
211	215
212	214
213	216
213	217
214	215
214	217
214	218
214	219
215	216
216	217
216	219
216	220
217	221
218	219
218	221
218	222
218	223
219	222
220	224
220	225
221	225
222	225
223	225
223	226
223	227
224	226
224	227
224	228
224	229
225	226
225	230
226	228
226	231
227	229
227	230
228	233
229	230
229	232
229	234
230	231
230	233
230	234
230	235
231	233
231	234
232	233
232	237
233	234
233	236
234	238
235	236
236	241
237	238
238	239
238	243
239	241
240	241
242	244
242	245
243	244
243	246
243	248
244	245
244	247
245	246
245	249
246	247
246	248
246	250
247	250
248	250
248	252
249	250
249	252
249	253
249	254
250	251
250	253
250	254
251	252
253	256
253	257
254	256
254	257
254	258
254	259
255	256
255	258
255	259
256	261
257	259
257	260
258	259
259	260
259	262
260	261
260	262
262	264
262	265
262	266
262	267
263	264
264	265
264	266
264	269
266	269
267	268
268	272
269	271
270	271
271	272
273	275
273	277
273	278
274	276
275	276
275	278
275	279
276	278
276	279
276	280
278	279
278	281
278	283
279	280
279	282
280	284
280	285
281	282
281	283
281	285
281	286
282	285
283	284
283	285
283	286
283	287
284	287
284	288
284	289
285	286
285	288
285	290
286	287
286	288
286	290
286	291
288	289
288	291
288	293
289	290
289	293
289	294
290	295
291	295
292	293
292	294
293	296
293	298
294	295
294	296
294	297
294	298
296	297
297	299
298	299
298	300
298	301
298	302
299	300
299	303
300	305
301	302
301	303
302	303
302	305
303	304
303	306
303	307
303	308
304	306
305	306
305	309
305	310
306	308
306	309
306	310
307	309
308	311
309	310
309	311
309	314
311	312
311	316
312	315
312	317
313	318
314	317
314	318
315	316
315	317
315	318
315	319
316	318
316	320
317	319
318	322
318	323
320	321
320	322
320	325
321	323
321	325
321	326
322	325
323	325
323	328
324	326
324	327
324	329
325	327
325	328
325	329
326	327
326	328
326	329
327	328
328	329
328	331
328	332
329	334
330	331
330	334
330	335
331	334
331	335
332	333
332	336
333	335
333	336
333	337
334	338
335	337
335	340
336	337
336	341
337	338
337	341
338	339
338	342
338	343
339	340
339	341
339	342
339	344
340	341
340	345
341	342
342	347
344	348
344	349
345	347
346	349
346	350
346	351
347	348
347	352
348	351
348	353
349	350
349	351
349	352
349	353
350	351
350	354
351	354
351	355
352	356
352	357
353	354
354	355
354	359
355	358
355	359
356	357
357	358
357	362
358	360
358	362
358	363
359	363
359	364
360	361
361	364
362	363
362	366
362	367
363	366
364	365
364	368
364	369
366	370
366	371
367	368
367	370
367	372
369	373
369	374
370	372
371	372
371	373
371	374
373	376
374	376
374	377
374	379
375	376
376	378
376	381
377	382
378	380
378	381
378	382
378	383
379	380
380	381
380	382
380	383
380	384
381	382
381	384
381	386
382	383
382	386
382	387
383	385
383	388
384	385
384	389
385	387
385	388
386	389
387	389
387	390
387	391
387	392
388	390
388	392
388	393
389	390
389	391
389	394
390	393
391	392
391	396
392	397
393	398
394	397
395	396
395	400
397	398
397	399
397	400
397	401
398	400
398	401
399	400
399	401
399	402
399	403
400	401
400	402
401	405
402	403
402	405
402	406
403	408
404	405
404	406
404	407
405	408
406	409
406	410
407	408
407	412
408	409
409	410
409	411
409	414
411	412
413	417
414	415
415	418
415	419
416	417
416	419
416	420
417	419
417	420
417	421
419	424
420	424
421	422
421	425
422	423
423	425
424	426
424	427
424	429
425	426
425	427
426	427
426	428
427	428
427	429
427	430
427	431
427	432
429	431
429	434
430	431
430	433
431	436
432	434
432	435
433	436
433	437
434	436
435	437
435	438
435	439
435	440
436	438
436	441
437	438
437	439
437	440
437	442
438	439
438	442
439	441
439	442
439	443
440	442
440	444
441	442
441	445
442	446
443	445
444	445
444	447
445	447
446	447
446	449
447	449
449	450
449	451
449	452
449	453
450	451
450	452
450	453
450	454
450	455
451	455
453	457
455	457
455	460
456	457
456	458
457	458
457	459
457	460
457	461
458	460
458	462
458	463
459	460
459	462
459	463
460	464
460	465
461	462
461	463
461	465
462	466
462	467
463	466
463	467
464	465
464	469
465	466
465	470
466	471
467	469
467	471
467	472
468	469
468	471
468	472
469	472
470	474
471	472
471	473
471	474
471	476
472	474
472	475
472	477
473	474
474	477
475	480
476	477
477	479
478	482
479	482
480	481
481	483
482	483
482	484
482	485
482	486
483	484
483	485
484	485
484	488
485	486
485	488
485	489
486	487
486	488
486	489
486	491
487	488
487	489
487	491
488	489
488	490
488	491
488	492
488	493
489	490
489	493
489	494
490	493
490	494
491	495
492	494
492	496
493	494
493	496
493	497
494	495
494	496
494	497
494	498
495	499
496	497
496	498
496	499
496	500
497	501
498	503
499	501
499	502
499	503
500	502
501	502
501	503
501	505
502	506
502	507
503	506
503	507
504	505
504	508
504	509
505	506
505	510
506	509
506	511
507	508
507	512
508	509
509	510
509	512
509	514
510	513
511	514
512	513
512	514
512	515
512	517
513	514
513	517
514	516
514	517
515	516
515	520
516	519
516	520
519	523
521	522
521	523
521	524
522	524
522	526
523	525
523	528
525	527
525	528
525	530
526	528
526	531
527	528
527	530
527	531
528	531
529	531
530	533
530	534
532	535
532	536
532	537
533	535
534	537
534	538
535	536
535	537
535	538
536	538
536	540
537	540
537	541
538	539
538	540
538	542
538	543
539	544
540	541
540	545
541	544
541	545
542	545
542	546
543	544
543	547
544	545
544	546
544	548
545	546
545	548
545	549
547	550
547	551
548	551
550	552
550	553
550	555
551	555
552	553
552	557
553	554
553	555
554	557
554	558
554	559
555	559
556	558
556	559
556	561
557	559
557	560
557	561
558	563
559	564
560	561
562	566
564	567
564	568
567	568
567	572
569	570
569	573
569	574
570	573
570	574
570	575
571	574
571	576
572	574
572	575
573	574
573	577
573	578
574	575
574	576
574	578
574	579
576	581
577	579
577	581
577	582
578	580
578	583
579	580
579	582
579	583
579	584
580	582
580	585
581	582
581	583
581	584
582	584
582	586
583	584
583	585
583	588
584	587
585	588
585	589
586	588
586	589
586	590
586	591
587	588
587	590
588	589
589	592
589	593
590	595
591	592
591	593
591	594
591	595
592	593
592	594
592	596
593	595
593	597
595	598
595	600
596	597
596	600
597	600
597	601
597	602
598	599
598	602
598	603
600	601
600	604
601	602
601	604
601	605
602	603
602	604
602	607
603	605
603	608
604	606
604	607
604	608
604	609
605	608
605	610
606	607
606	608
607	609
607	611
608	609
608	612
609	612
609	613
609	614
610	615
611	612
611	613
612	616
613	614
613	616
613	618
614	616
614	618
615	617
615	618
617	618
617	620
617	622
619	623
619	624
620	621
620	622
620	623
620	625
621	623
622	626
623	625
623	626
623	627
624	625
624	626
624	627
625	626
625	627
626	627
626	629
627	628
627	629
627	631
628	633
629	631
629	632
629	633
629	634
630	631
630	633
631	632
632	635
632	637
634	638
634	639
635	636
635	640
636	638
636	640
636	641
637	638
637	639
637	640
637	641
638	640
638	641
638	642
639	640
639	642
640	641
640	642
641	642
641	644
641	645
641	646
642	644
642	646
642	647
643	644
643	647
643	648
644	646
645	646
645	650
646	648
646	650
647	652
648	651
648	653
649	652
649	653
650	652
650	653
651	654
651	656
652	653
652	656
653	655
654	658
655	659
656	657
656	659
657	662
658	661
659	661
659	664
660	665
661	665
662	663
662	664
662	665
662	666
663	665
663	668
665	666
665	667
665	670
666	669
666	671
667	671
668	670
668	672
669	674
670	671
670	675
671	672
671	673
671	674
671	675
672	674
672	677
674	675
675	676
675	680
676	677
676	678
678	681
679	680
679	681
680	681
680	682
680	684
680	685
681	686
682	685
682	687
683	687
683	688
684	685
684	687
684	688
684	689
685	686
685	687
686	687
686	688
686	689
687	689
687	690
687	692
689	690
689	691
690	691
690	695
691	694
691	696
692	693
692	697
693	698
694	695
695	697
695	698
695	700
696	697
696	698
696	701
697	701
697	702
698	700
698	701
698	702
698	703
699	701
700	701
700	702
700	703
700	705
701	703
701	705
701	706
702	706
702	707
703	704
703	707
703	708
704	708
705	709
705	710
706	707
706	708
707	712
709	710
710	711
710	713
710	714
711	712
711	715
712	713
712	714
712	715
712	716
712	717
713	716
713	717
714	715
714	716
714	717
714	718
715	717
715	718
716	719
716	721
717	719
718	721
719	720
719	721
719	723
720	724
720	725
721	723
721	726
722	723
722	724
722	726
723	724
723	725
723	726
724	725
724	726
725	726
725	727
725	728
725	729
726	729
726	730
727	730
728	730
728	732
729	730
730	732
730	733
730	735
732	734
732	736
733	734
733	737
733	738
734	736
735	736
735	739
737	742
738	742
738	743
739	741
739	742
739	744
740	741
740	743
740	745
741	744
742	743
742	745
742	746
743	747
743	748
744	746
745	750
746	749
748	752
749	750
749	753
749	754
750	752
751	753
751	754
751	756
752	756
752	757
753	754
753	756
753	757
754	756
754	758
754	759
755	758
756	757
756	759
757	759
758	760
758	761
759	761
759	763
761	762
761	766
762	767
763	764
763	766
764	765
764	769
765	766
765	769
766	768
766	770
767	769
767	771
768	769
768	771
768	772
768	773
769	770
769	771
769	774
771	773
772	776
773	775
774	777
775	779
776	778
776	781
778	782
778	783
779	781
779	784
780	781
780	784
780	785
781	786
782	786
782	787
783	784
783	785
783	787
783	788
784	785
784	786
785	787
785	788
786	788
787	789
787	790
787	792
789	791
790	791
790	793
790	795
791	792
791	795
792	795
793	796
793	797
793	798
794	796
795	796
795	797
795	800
796	797
796	798
796	800
797	800
798	800
