1	6
2	6
2	7
3	4
3	5
3	8
4	6
6	7
8	9
8	10
8	13
9	10
10	14
11	12
11	13
11	15
11	16
12	13
12	16
12	17
13	15
14	17
15	17
15	20
16	17
16	20
17	19
17	20
17	21
18	19
18	20
18	22
18	23
19	20
19	23
19	24
20	22
20	23
20	25
21	22
22	26
23	25
23	28
25	26
25	28
25	29
25	30
27	28
27	32
28	31
28	33
29	30
29	32
29	33
30	31
30	34
30	35
32	33
32	36
32	37
34	38
35	39
35	40
36	37
36	39
36	40
36	41
38	43
39	41
39	43
40	45
41	46
42	45
42	47
43	46
43	47
43	48
44	45
44	46
44	48
44	49
45	49
46	47
46	49
47	48
47	50
49	54
50	51
50	55
51	52
51	56
52	54
54	55
54	56
54	58
55	57
55	60
56	58
56	59
59	60
59	61
60	61
60	64
61	62
61	64
61	65
62	64
62	67
63	64
63	65
63	68
64	65
65	67
65	68
65	69
66	71
67	70
68	69
69	71
70	71
70	72
70	75
71	73
71	74
71	76
72	74
72	75
72	76
73	74
73	77
74	78
74	79
75	76
75	80
76	81
77	78
77	82
78	79
78	80
78	81
78	83
79	80
80	81
80	85
81	85
82	87
85	86
85	90
86	88
86	90
87	90
87	92
88	90
88	91
88	92
89	90
89	91
90	91
90	94
90	95
91	93
93	96
93	98
94	96
94	97
95	96
95	98
95	100
96	97
96	99
97	99
97	102
98	99
98	100
98	101
98	103
99	100
99	101
99	102
99	104
100	102
100	103
100	104
101	102
101	104
101	106
102	103
102	107
103	104
103	105
103	106
103	108
104	105
104	106
105	107
105	108
105	109
106	111
107	109
108	109
108	110
108	111
110	115
111	112
112	113
113	117
113	118
115	116
115	119
116	117
116	120
116	121
117	118
118	120
118	123
119	123
120	125
121	122
121	124
121	125
122	123
122	126
123	125
124	125
124	127
125	130
126	128
126	129
127	129
128	130
128	133
129	133
130	133
130	135
131	134
131	135
131	136
132	133
134	139
135	136
135	138
136	137
136	139
137	138
137	141
137	142
138	139
138	140
139	140
139	144
140	144
141	143
141	146
142	147
143	144
144	145
145	147
146	148
146	149
146	151
147	150
147	152
148	150
148	151
148	152
148	153
149	151
149	153
149	154
150	153
151	154
152	154
153	154
153	158
154	155
154	157
154	159
155	156
155	158
155	159
156	159
156	161
157	160
157	162
158	161
159	160
159	161
159	163
159	164
160	161
161	165
161	166
162	163
162	165
163	167
163	168
164	165
164	168
165	166
165	169
167	168
167	169
167	170
167	172
168	173
169	170
169	174
170	173
171	174
171	175
172	174
172	175
172	176
173	174
173	177
176	177
176	178
176	179
176	180
176	181
177	179
177	180
178	180
178	183
179	180
179	181
180	181
180	183
180	185
181	182
181	183
181	186
182	185
182	186
183	184
183	187
183	188
184	186
185	186
185	188
185	189
186	187
187	192
188	191
188	193
190	191
190	192
190	193
190	195
191	194
191	195
192	195
192	196
193	197
195	196
195	199
195	200
196	198
196	199
196	201
197	200
197	201
197	202
198	199
198	201
198	202
198	203
199	201
200	204
200	205
201	203
201	204
201	206
202	203
202	204
202	207
203	204
204	205
204	208
204	209
205	207
205	208
205	209
207	209
207	211
209	213
209	214
210	213
210	214
211	212
212	213
212	214
213	214
213	217
213	218
214	216
214	217
215	216
215	217
215	218
215	219
216	218
216	220
216	221
217	221
218	220
218	221
219	222
220	221
220	222
220	223
220	225
221	223
221	225
221	226
222	223
222	224
222	226
223	224
224	226
225	227
225	230
226	227
227	229
227	232
228	229
228	230
228	233
229	231
229	232
229	233
229	234
230	232
231	234
231	235
231	236
232	233
232	234
233	236
234	237
234	239
235	239
236	237
236	239
237	239
237	240
238	239
238	241
239	243
240	241
240	242
241	246
242	244
242	245
242	246
243	244
243	247
244	248
244	249
245	249
245	250
246	247
246	248
246	249
246	251
247	248
247	249
247	250
247	251
248	250
248	253
249	250
249	251
249	252
249	254
250	251
250	255
251	254
252	256
252	257
253	255
253	258
254	257
254	258
254	259
255	257
255	260
256	257
256	259
257	258
258	263
259	261
260	261
260	263
261	263
261	265
262	266
262	267
263	266
263	267
263	268
265	269
266	268
266	269
266	271
267	268
267	270
267	271
267	272
268	271
269	270
269	273
269	274
270	275
271	274
271	275
271	276
272	273
273	276
274	275
274	277
275	276
275	280
276	277
276	278
276	279
276	281
277	278
277	279
277	280
277	281
277	282
278	279
278	280
278	283
280	284
281	283
281	285
281	286
282	287
283	285
283	286
283	287
284	288
284	289
285	287
286	288
286	290
286	291
288	289
288	292
288	293
289	291
289	292
289	293
289	294
290	291
290	293
291	295
291	296
292	297
293	295
293	298
294	295
294	296
294	299
296	298
296	300
297	298
297	299
297	301
297	302
298	299
298	300
298	303
299	300
299	302
300	301
301	304
301	305
301	306
302	305
303	305
303	308
304	305
304	309
305	306
305	309
306	308
306	311
307	309
308	311
308	313
309	312
310	312
310	313
311	313
311	316
312	317
313	317
314	316
314	318
314	319
315	316
315	317
315	320
316	318
316	319
316	320
317	318
317	319
317	320
317	322
318	320
318	323
319	324
320	322
320	324
320	325
321	322
322	324
322	325
322	326
322	327
323	325
323	327
324	326
324	327
324	329
325	326
325	328
326	327
326	328
326	329
326	331
327	330
328	329
329	331
330	332
330	334
330	335
331	333
332	333
332	335
333	337
334	335
335	339
335	340
336	338
337	339
338	340
338	341
338	342
339	342
339	344
340	341
340	345
341	342
341	343
341	344
341	345
342	345
342	346
343	347
344	345
345	347
345	349
345	350
346	348
346	349
346	351
347	350
347	352
348	349
348	350
348	353
349	350
349	351
349	353
350	352
351	356
352	353
352	354
352	355
352	357
353	354
353	357
353	358
354	356
354	358
355	357
355	360
356	361
357	358
357	359
358	362
359	362
359	364
360	361
360	362
360	365
361	366
362	363
362	366
363	368
364	365
364	368
365	367
365	370
366	371
367	369
368	371
369	371
369	373
369	374
370	372
370	373
370	374
371	373
371	376
372	377
373	376
373	377
374	375
374	379
375	378
375	379
375	380
376	381
377	378
377	382
378	380
378	381
378	382
378	383
379	383
380	383
380	385
381	383
381	384
382	385
383	386
384	388
385	386
385	387
386	387
386	388
386	389
387	391
388	391
388	392
389	390
389	394
390	392
390	394
391	393
391	394
391	395
392	394
392	397
394	398
394	399
395	396
395	397
395	398
396	401
397	401
398	400
399	402
399	403
400	404
401	402
401	403
401	404
401	405
401	406
402	403
402	405
402	407
403	404
403	405
404	408
405	407
405	409
405	410
406	411
407	410
408	409
408	410
409	412
410	411
410	412
410	414
412	416
412	417
413	416
413	418
414	416
414	417
415	419
415	420
416	420
416	421
417	419
417	421
417	422
418	419
418	420
419	421
419	422
420	422
420	424
421	424
421	426
422	423
422	425
423	425
423	426
423	427
423	428
424	427
424	429
425	430
427	430
428	432
429	433
430	431
430	432
430	433
430	434
432	435
432	436
433	436
433	438
434	435
435	437
435	440
436	438
437	439
438	439
438	441
440	441
440	442
440	443
440	445
441	442
441	444
441	445
441	446
442	445
442	446
442	447
443	445
443	446
443	448
444	445
444	446
445	446
445	448
445	449
446	448
446	451
447	450
448	450
448	452
449	452
450	451
451	452
451	455
452	453
452	454
452	455
453	455
453	456
453	457
454	455
454	456
455	458
455	460
456	457
456	458
457	459
457	462
458	460
458	463
459	463
460	461
460	464
461	463
461	464
461	466
463	468
464	467
464	468
465	466
465	467
465	469
466	470
467	468
467	472
468	469
468	472
468	473
469	471
469	473
470	474
471	474
471	475
471	476
472	475
472	476
472	477
474	475
474	477
474	478
474	479
475	477
475	478
477	479
477	481
478	479
479	480
479	483
480	482
480	483
480	484
480	485
481	483
481	484
483	487
484	488
485	486
485	488
486	489
486	490
486	491
487	489
488	493
489	492
489	493
489	494
490	492
490	494
490	495
491	492
491	494
491	495
492	494
492	495
494	495
494	496
495	499
495	500
496	498
497	499
497	501
498	503
499	501
499	503
500	501
500	502
501	504
502	504
502	506
503	505
504	505
504	508
505	507
505	508
505	509
506	510
507	508
507	509
507	510
507	511
508	509
508	511
508	513
509	510
509	511
509	514
510	511
510	512
511	513
511	514
512	514
512	516
513	517
513	518
515	518
515	519
515	520
516	518
516	519
516	520
517	518
517	520
517	522
518	519
519	520
519	521
519	522
519	523
519	524
520	522
520	523
520	524
521	522
522	523
522	524
522	526
523	524
523	527
524	528
524	529
525	527
525	528
526	529
526	531
527	530
527	532
528	531
529	530
529	531
529	533
531	532
531	533
531	534
531	536
532	533
532	535
532	536
532	537
535	538
536	537
537	540
537	541
538	541
539	540
539	543
539	544
540	542
540	545
541	542
541	546
543	544
543	546
543	547
543	548
544	546
544	548
544	549
545	547
545	548
546	548
546	550
546	551
548	550
548	552
549	552
549	553
549	554
551	554
551	556
553	556
553	557
553	558
554	558
555	556
555	558
555	560
556	559
557	560
558	559
558	560
558	562
558	563
559	560
560	564
561	566
562	564
562	565
562	566
562	567
563	564
563	567
563	568
564	567
565	567
565	568
565	569
566	571
567	568
567	571
567	572
568	569
568	571
569	572
570	571
570	574
571	573
572	573
573	576
573	577
573	578
574	575
574	576
574	579
576	577
576	581
577	578
577	580
577	582
578	580
579	581
579	582
579	583
580	581
581	585
582	586
582	587
583	584
583	587
585	588
586	587
586	590
586	591
587	590
587	592
589	592
590	591
591	595
592	593
592	594
592	595
592	597
593	596
593	597
594	595
594	598
594	599
596	597
596	599
596	601
597	598
597	599
597	600
597	601
598	599
598	603
599	600
599	603
599	604
600	602
600	605
602	604
602	607
603	606
603	607
604	605
604	607
604	608
605	607
605	609
606	607
606	609
606	611
607	609
607	610
607	611
608	609
608	612
609	610
609	613
610	611
610	612
610	613
611	614
611	615
612	614
612	615
613	614
613	618
614	615
614	617
614	618
615	616
616	617
616	621
617	618
617	620
618	623
619	620
619	621
619	624
620	621
620	624
620	625
621	623
621	626
622	623
622	625
623	626
623	628
624	626
625	628
626	627
626	631
627	629
628	629
628	630
628	631
628	633
629	632
630	633
630	634
631	634
631	635
633	635
633	636
634	635
634	638
634	639
635	637
635	638
635	640
636	637
636	638
637	639
637	641
638	639
638	640
638	643
640	641
640	642
640	644
640	645
641	642
642	643
642	647
643	646
643	648
644	645
644	647
644	648
645	647
646	647
646	648
647	649
647	652
648	651
648	652
648	653
649	650
649	653
651	652
652	655
652	657
653	657
655	656
655	657
655	660
656	657
656	660
656	661
657	660
658	659
658	661
658	662
659	660
659	661
659	662
660	661
660	663
662	663
662	665
662	666
663	666
663	668
664	665
664	666
664	667
664	668
665	666
665	667
665	669
666	667
666	668
666	669
667	669
667	671
668	672
669	670
670	671
670	672
670	673
671	673
671	674
672	673
673	676
673	678
674	675
674	676
674	677
674	678
677	680
677	681
677	682
678	683
679	681
679	684
680	682
680	683
681	685
681	686
682	684
682	686
683	684
683	686
683	688
684	687
684	688
685	687
686	688
686	689
686	690
688	691
688	692
688	693
689	690
689	691
689	694
690	692
690	694
690	695
691	695
691	696
692	694
692	695
692	697
693	694
693	695
693	696
694	696
694	698
695	697
695	698
695	699
695	700
696	697
696	698
697	698
697	699
697	700
697	702
698	701
699	701
699	704
701	704
702	703
702	704
702	707
703	707
703	708
704	707
705	708
705	709
706	708
706	709
706	711
707	709
707	712
708	712
708	713
709	710
709	711
710	711
711	714
712	713
713	715
713	717
714	715
714	716
714	718
715	716
715	717
716	721
717	719
718	720
718	723
719	722
720	721
720	722
721	726
722	723
722	724
723	724
724	725
724	726
726	728
726	729
726	731
728	729
728	730
728	733
729	730
729	732
729	734
730	731
731	732
731	733
731	735
732	734
732	735
733	735
733	736
734	739
735	737
735	738
735	739
736	737
736	741
737	739
737	740
738	739
738	740
739	740
739	741
739	743
739	744
740	742
741	742
741	743
741	744
742	743
742	744
742	745
742	746
744	746
744	748
744	749
745	750
746	747
746	749
746	750
748	749
748	752
749	750
749	751
749	754
750	751
750	753
750	754
750	755
751	753
751	755
751	756
752	754
753	755
753	758
754	755
755	757
755	760
756	759
756	760
757	761
757	762
758	759
758	760
758	761
758	762
759	760
759	761
759	762
759	763
759	764
760	761
760	765
761	763
761	764
761	765
762	763
762	765
762	766
762	767
765	769
766	767
766	771
767	768
767	770
767	771
768	769
768	770
768	771
769	771
769	773
770	771
770	773
771	775
772	773
772	775
773	774
773	778
774	775
774	776
774	777
774	778
775	776
775	777
775	779
776	777
776	778
777	778
777	780
778	779
778	780
778	781
778	782
779	782
779	783
780	782
780	783
780	784
780	785
781	783
782	786
783	784
783	787
783	788
784	788
785	787
785	789
786	787
786	788
786	789
786	791
787	789
787	790
787	791
787	792
788	789
788	791
789	792
790	793
790	794
790	795
791	795
792	793
792	794
792	796
792	797
793	797
794	795
794	796
794	797
795	798
797	802
798	799
798	801
798	802
799	801
799	803
800	801
800	805
801	804
801	805
801	806
802	807
803	805
803	808
804	806
804	807
805	807
805	808
805	810
806	808
806	811
807	810
807	811
808	811
808	813
809	810
809	812
809	813
809	814
810	812
812	816
813	814
813	818
814	817
814	818
815	819
815	820
817	818
818	821
820	821
821	822
821	823
821	824
821	825
822	824
822	825
822	826
822	827
823	824
823	825
823	826
824	827
825	826
826	830
826	831
827	828
827	830
828	831
828	833
829	831
829	833
829	834
830	832
830	833
830	834
831	832
832	835
832	836
832	837
833	838
834	835
834	836
834	838
834	839
835	837
835	839
836	838
838	840
838	841
838	842
838	843
839	840
839	841
839	842
839	843
839	844
840	843
841	843
842	844
842	846
843	846
843	848
844	845
844	846
844	847
845	847
845	848
845	850
846	848
846	850
847	849
848	849
848	850
848	851
848	852
849	851
851	853
851	854
851	856
852	854
852	855
853	858
854	855
854	857
854	858
854	859
855	856
855	858
855	859
855	860
856	858
856	859
856	861
857	860
857	862
858	860
858	863
859	862
859	863
859	864
860	862
860	864
860	865
861	863
861	866
862	864
862	866
863	866
863	868
864	866
865	866
865	868
865	869
866	868
866	870
867	872
868	872
870	873
871	876
872	873
872	876
873	875
873	877
873	878
874	876
874	877
876	878
876	880
876	881
877	880
877	882
878	883
879	882
880	882
880	883
881	882
882	883
882	885
882	886
883	884
883	885
883	886
883	887
883	888
884	885
886	887
886	888
886	890
887	889
887	890
887	891
887	892
888	891
891	893
891	895
892	894
892	896
893	894
894	896
894	898
895	896
896	899
896	900
898	899
899	900
