1	3
2	3
2	4
2	7
3	4
3	6
3	7
4	7
4	8
4	9
5	6
5	7
6	9
6	10
7	8
7	9
7	12
8	9
9	11
9	13
10	11
10	13
11	12
11	13
11	15
12	15
12	17
13	17
14	15
14	16
14	17
14	19
15	16
16	17
16	19
16	21
17	19
17	20
17	21
18	19
18	20
18	22
20	22
20	23
21	23
21	24
22	23
22	27
24	27
24	29
25	27
25	28
25	30
26	27
26	30
26	31
27	31
29	31
29	33
30	33
31	35
32	33
32	37
33	38
34	35
34	36
34	38
35	36
35	39
35	40
36	41
37	40
38	41
38	43
39	40
39	42
40	42
41	46
42	43
42	47
43	45
43	46
44	45
44	48
46	47
47	50
48	50
49	53
49	54
50	52
50	53
50	54
51	52
52	53
52	54
53	55
53	56
53	57
53	58
54	56
54	59
55	58
55	60
56	59
56	60
57	60
57	62
58	61
58	62
58	63
59	61
59	62
60	62
60	63
60	65
61	66
63	65
63	66
63	67
64	66
64	67
64	69
65	67
65	68
66	67
67	68
67	71
68	69
68	71
69	71
70	73
70	75
72	73
73	74
73	75
73	76
73	78
74	75
74	78
75	76
76	80
76	81
77	79
77	81
77	82
78	80
78	81
78	82
78	83
80	82
82	84
85	88
86	88
87	88
87	89
89	91
89	93
89	94
91	93
91	96
92	93
92	94
92	95
93	94
93	95
93	96
94	98
95	97
95	98
96	98
96	99
96	100
96	101
97	99
97	102
98	100
98	103
99	100
99	102
99	104
100	102
100	103
101	105
102	103
102	104
103	104
104	108
105	106
105	108
105	109
106	107
106	109
106	110
106	111
107	108
107	111
107	112
108	109
108	112
108	113
109	111
109	112
109	113
110	111
110	113
110	115
111	113
111	115
112	113
112	114
112	115
112	116
113	116
113	117
115	118
115	120
116	117
116	119
116	120
116	121
117	118
117	120
117	121
117	122
118	123
119	122
120	121
120	124
121	122
121	123
121	125
122	126
123	124
123	125
123	127
123	128
124	125
124	126
124	127
125	130
126	127
126	128
126	129
126	131
127	128
127	131
127	132
128	129
128	130
129	131
130	131
130	135
131	134
132	133
132	134
132	136
133	137
134	135
134	136
134	138
134	139
135	140
136	138
137	142
138	139
138	143
139	141
140	144
140	145
141	142
141	145
141	146
142	145
142	146
143	147
143	148
144	148
145	148
146	147
147	152
148	150
148	152
149	152
150	151
150	154
150	155
151	153
152	153
152	155
152	157
153	154
154	155
154	156
154	158
155	157
155	159
156	158
156	159
156	161
157	159
157	160
157	161
157	162
158	160
158	161
158	162
159	162
161	163
161	165
162	163
162	164
162	165
162	167
163	165
163	166
163	167
163	168
164	165
164	166
164	167
165	167
166	168
166	169
166	170
166	171
167	168
167	169
167	170
167	171
167	172
168	172
168	173
169	171
169	172
169	174
170	173
170	174
171	173
171	175
172	176
173	177
173	178
174	177
174	179
175	176
175	178
175	180
176	179
177	180
177	181
178	179
178	183
179	183
179	184
180	181
180	182
180	183
180	184
181	184
182	183
182	185
183	184
183	188
184	185
184	187
184	188
185	187
185	189
186	187
186	190
186	191
187	188
187	189
187	190
187	191
187	192
188	189
188	190
188	191
189	190
189	191
190	192
190	194
191	195
192	193
192	194
192	197
193	196
193	198
194	199
195	196
195	199
196	198
196	199
196	201
197	198
197	199
198	200
198	201
199	202
199	203
200	201
200	205
201	202
201	203
201	205
202	203
202	205
202	206
203	205
204	205
204	206
204	208
206	210
207	208
207	210
208	210
208	212
209	212
211	214
211	215
212	213
212	215
213	214
213	217
213	218
214	215
214	217
214	218
215	216
216	217
216	219
216	220
216	221
217	218
218	219
218	221
219	220
219	224
220	222
220	225
221	222
221	223
221	226
222	224
223	228
224	227
224	228
225	229
226	227
226	228
226	230
227	228
228	229
228	230
229	231
230	232
230	233
231	234
232	234
232	235
232	237
233	234
233	237
235	237
235	239
236	238
237	240
237	241
238	239
238	240
238	243
239	240
239	244
240	241
241	243
241	244
241	245
242	245
242	246
243	244
243	245
243	248
244	248
244	249
245	246
245	250
246	247
246	250
246	251
247	248
247	252
248	250
248	251
249	252
249	254
250	251
250	252
250	255
252	253
252	256
253	255
253	256
254	255
254	256
254	258
255	257
255	259
255	260
256	257
256	258
256	259
257	259
258	261
259	261
259	262
260	263
261	264
261	265
262	264
262	265
263	264
263	265
263	267
263	268
264	266
265	266
265	267
265	268
265	269
266	267
266	268
266	269
267	268
267	271
270	271
270	272
270	274
271	275
273	274
274	276
274	277
274	278
275	276
275	277
275	279
276	280
276	281
277	278
277	282
280	283
280	284
281	284
282	286
282	287
283	284
285	287
285	290
286	287
286	291
287	289
287	290
287	292
288	289
290	293
291	292
292	293
292	295
293	295
293	296
294	295
294	297
294	298
295	296
295	297
296	297
296	301
298	299
298	301
299	300
299	302
299	303
299	304
300	301
300	305
301	302
301	306
302	304
303	304
303	306
303	307
304	305
304	307
304	308
304	309
305	307
305	310
306	308
306	310
307	309
307	311
308	309
308	310
308	313
309	310
309	314
310	311
311	313
311	316
312	314
312	315
313	314
313	315
313	318
314	316
314	317
314	318
316	317
316	320
317	321
318	320
318	321
318	322
318	323
319	321
319	323
320	321
321	324
322	323
323	325
323	326
324	326
325	326
325	329
326	330
326	331
327	331
327	332
328	329
328	331
329	330
329	331
329	332
329	334
330	331
330	332
330	334
331	334
332	334
332	335
332	336
332	337
333	336
334	335
334	339
335	336
335	337
336	338
336	339
336	340
337	338
337	339
337	341
337	342
338	339
338	342
338	343
339	340
339	341
339	342
340	343
341	344
342	344
342	345
342	346
344	345
344	346
344	348
344	349
345	350
346	350
346	351
347	348
347	350
347	352
348	349
348	351
349	354
350	352
350	354
350	355
351	353
352	353
352	354
352	356
353	355
353	356
353	357
354	355
354	357
354	359
355	356
355	358
356	357
357	360
358	359
358	360
358	361
359	360
359	361
359	362
359	364
360	361
360	365
361	364
361	365
362	365
362	367
363	364
363	367
363	368
364	365
364	367
365	368
365	370
366	367
366	369
366	370
366	371
367	372
369	371
369	373
369	374
370	371
370	375
371	373
372	373
372	374
374	377
374	378
374	379
375	377
375	380
376	378
377	381
377	382
378	379
378	382
379	380
379	382
380	381
380	382
381	383
382	384
382	386
382	387
383	387
383	388
384	385
384	389
385	387
385	389
386	388
386	390
387	391
387	392
388	390
388	393
389	392
389	394
390	391
390	392
390	395
391	392
391	394
392	394
392	395
392	397
393	398
394	398
395	396
395	397
397	398
398	399
398	401
398	402
398	403
399	400
399	401
399	403
399	404
400	404
400	405
401	402
401	403
402	403
402	404
402	406
403	407
403	408
404	407
404	409
405	406
405	407
406	411
407	409
407	411
408	409
408	410
408	411
409	411
409	412
409	414
410	413
411	412
411	413
411	415
411	416
412	414
412	415
412	416
412	417
413	414
413	416
413	417
414	416
415	418
415	420
416	419
416	421
418	420
418	421
418	422
419	420
419	421
419	424
420	421
420	422
421	422
421	425
421	426
422	423
422	424
422	426
422	427
423	424
423	426
424	427
424	429
425	426
425	428
425	430
426	428
426	430
426	431
427	431
427	432
428	429
428	430
429	431
429	432
429	434
430	433
430	434
430	435
431	433
432	436
433	434
433	437
433	438
435	440
436	437
436	438
438	439
438	442
439	440
439	441
439	443
439	444
440	442
442	443
442	444
442	446
443	444
443	446
443	447
444	445
445	446
445	447
445	448
445	449
446	449
446	450
446	451
447	448
447	451
447	452
448	449
448	450
448	451
448	453
449	450
449	451
449	452
449	454
450	451
450	453
450	454
450	455
451	454
451	455
452	453
452	455
453	456
453	457
454	455
454	457
455	457
455	458
456	457
456	460
457	460
457	461
458	462
459	460
460	462
460	464
460	465
461	462
461	464
461	466
462	467
463	464
463	465
464	465
464	466
464	467
465	466
465	468
466	467
466	469
466	470
467	470
467	472
468	470
468	472
469	471
469	473
469	474
470	471
470	473
471	472
471	473
471	476
473	474
474	478
475	477
475	479
475	480
476	478
476	479
477	480
478	479
478	481
479	481
480	481
480	482
480	483
481	485
481	486
482	484
482	485
482	487
483	485
483	486
483	487
483	488
484	487
485	489
485	490
486	489
486	491
487	488
488	491
488	492
490	493
490	494
491	494
491	496
492	494
492	495
492	496
492	497
493	496
493	498
494	495
494	497
494	499
495	496
495	498
495	499
496	497
497	498
497	499
497	501
498	500
500	503
501	502
501	504
501	506
502	504
502	505
502	507
504	505
504	509
505	506
505	507
506	508
506	510
506	511
507	510
507	512
508	509
509	511
509	512
510	515
511	512
511	516
512	515
512	517
513	514
513	515
513	516
513	517
513	518
514	515
514	516
514	517
514	519
515	516
516	519
517	518
517	519
518	520
518	521
518	522
518	523
519	520
520	523
520	524
520	525
522	526
523	524
523	527
524	525
524	528
525	528
525	529
526	527
526	529
526	530
527	530
527	531
527	532
528	530
529	531
530	534
531	532
531	535
532	537
533	534
533	538
534	535
534	537
536	539
536	540
537	539
537	540
538	539
538	540
538	541
538	542
538	543
539	542
539	543
539	544
540	541
540	543
541	544
541	545
542	543
542	547
543	545
544	545
544	546
544	548
545	546
545	548
546	549
547	550
547	551
547	552
548	549
548	550
548	552
549	550
549	551
550	551
550	553
550	555
551	555
551	556
552	553
552	556
553	555
554	557
554	558
555	557
555	558
555	559
556	560
556	561
557	558
557	559
557	560
558	561
559	560
559	561
559	563
560	564
561	562
561	566
563	566
563	568
564	568
565	567
565	568
565	570
566	567
566	570
566	571
567	568
567	570
567	572
568	569
568	571
568	572
568	573
569	571
569	572
569	573
569	574
570	574
571	573
571	574
572	573
572	577
573	576
573	577
573	578
575	577
576	580
577	581
577	582
578	583
579	580
579	584
580	581
580	585
581	582
581	583
581	586
582	584
582	585
582	586
583	585
583	586
586	587
586	589
587	588
587	590
587	592
588	590
588	591
588	593
589	590
589	592
590	591
591	593
591	594
591	595
592	593
592	596
593	594
593	597
594	595
594	597
594	598
595	597
596	600
598	599
